export const rooms = [
  {
    slug: "habitacion-vista-mar",
    title: "Habitación Vista Mar",
    description:
      "Espacios diseñados para descansar con una vista privilegiada al Pacífico.",
    capacity: "2 personas",
    bed: "King o Queen",
    view: "Vista al mar",
    size: "28 m²",
    image:
      "https://images.unsplash.com/photo-1611892440504-42a792e24d32?q=80&w=1600&auto=format&fit=crop",
    gallery: [
      "https://images.unsplash.com/photo-1611892440504-42a792e24d32?q=80&w=1600&auto=format&fit=crop",
      "https://images.unsplash.com/photo-1590490360182-c33d57733427?q=80&w=1600&auto=format&fit=crop",
      "https://images.unsplash.com/photo-1566665797739-1674de7a421a?q=80&w=1600&auto=format&fit=crop",
    ],
    amenities: ["WiFi", "Aire acondicionado", "TV", "Minibar", "Baño privado"],
  },
  {
    slug: "suite-ejecutiva",
    title: "Suite Ejecutiva",
    description:
      "Comodidad, amplitud y elegancia para viajes corporativos o escapadas especiales.",
    capacity: "2 personas",
    bed: "King",
    view: "Vista ciudad / mar",
    size: "38 m²",
    image:
      "https://images.unsplash.com/photo-1590490360182-c33d57733427?q=80&w=1600&auto=format&fit=crop",
    gallery: [
      "https://images.unsplash.com/photo-1590490360182-c33d57733427?q=80&w=1600&auto=format&fit=crop",
      "https://images.unsplash.com/photo-1611892440504-42a792e24d32?q=80&w=1600&auto=format&fit=crop",
      "https://images.unsplash.com/photo-1566665797739-1674de7a421a?q=80&w=1600&auto=format&fit=crop",
    ],
    amenities: ["WiFi", "Escritorio", "TV", "Minibar", "Caja de seguridad"],
  },
  {
    slug: "habitacion-familiar",
    title: "Habitación Familiar",
    description:
      "Ideal para quienes buscan compartir una estadía cómoda junto al mar.",
    capacity: "4 personas",
    bed: "Doble + individual",
    view: "Vista ciudad",
    size: "42 m²",
    image:
      "https://images.unsplash.com/photo-1566665797739-1674de7a421a?q=80&w=1600&auto=format&fit=crop",
    gallery: [
      "https://images.unsplash.com/photo-1566665797739-1674de7a421a?q=80&w=1600&auto=format&fit=crop",
      "https://images.unsplash.com/photo-1611892440504-42a792e24d32?q=80&w=1600&auto=format&fit=crop",
      "https://images.unsplash.com/photo-1590490360182-c33d57733427?q=80&w=1600&auto=format&fit=crop",
    ],
    amenities: ["WiFi", "TV", "Aire acondicionado", "Baño privado", "Closet"],
  },
];
